Tour de France
Nome	 Vel. Plano	 Vel. Subida	 Vel. Descida
0	 40.000000	 32.000000	 42.000000 
1	 24.000000	 67.000000	 35.000000 
2	 28.000000	 50.000000	 44.000000 
3	 48.000000	 44.000000	 62.000000 
4	 24.000000	 42.000000	 24.000000 

Ciclista km
-----------
0	 0
1	 0
2	 0
3	 0
4	 0

Ciclista km
-----------
0	 1
1	 0
2	 0
3	 1
4	 0

Ciclista km
-----------
0	 1
1	 1
2	 1
3	 2
4	 1

Ciclista km
-----------
0	 2
1	 1
2	 1
3	 3
4	 1

Ciclista km
-----------
0	 3
1	 1
2	 2
3	 3
4	 1

Ciclista km
-----------
0	 3
1	 2
2	 2
3	 4
4	 2

Ciclista km
-----------
0	 4
1	 2
2	 3
3	 5
4	 2

Ciclista km
-----------
0	 5
1	 3
2	 3
3	 6
4	 3

Ciclista km
-----------
0	 5
1	 3
2	 4
3	 7
4	 3

Ciclista km
-----------
0	 6
1	 4
2	 4
3	 8
4	 4

Ciclista km
-----------
0	 7
1	 4
2	 5
3	 8
4	 4

Ciclista km
-----------
0	 7
1	 4
2	 5
3	 9
4	 4

Ciclista km
-----------
0	 8
1	 5
2	 6
3	 10
4	 5

Ciclista km
-----------
0	 9
1	 5
2	 6
3	 11
4	 5

Ciclista km
-----------
0	 9
1	 6
2	 7
3	 12
4	 6

Ciclista km
-----------
0	 10
1	 6
2	 7
3	 12
4	 6

Ciclista km
-----------
0	 11
1	 6
2	 7
3	 13
4	 6

Ciclista km
-----------
0	 11
1	 7
2	 8
3	 14
4	 7

Ciclista km
-----------
0	 12
1	 7
2	 8
3	 15
4	 7

Ciclista km
-----------
0	 13
1	 8
2	 9
3	 16
4	 8

Ciclista km
-----------
0	 13
1	 8
2	 9
3	 16
4	 8

Ciclista km
-----------
0	 14
1	 8
2	 10
3	 17
4	 8

Ciclista km
-----------
0	 15
1	 9
2	 10
3	 18
4	 9

Ciclista km
-----------
0	 15
1	 9
2	 11
3	 19
4	 9

Ciclista km
-----------
0	 16
1	 9
2	 11
3	 19
4	 9

Ciclista km
-----------
0	 17
1	 10
2	 12
3	 20
4	 10

Ciclista km
-----------
0	 18
1	 10
2	 12
3	 21
4	 10

Ciclista km
-----------
0	 18
1	 11
2	 13
3	 22
4	 11

Ciclista km
-----------
0	 19
1	 11
2	 13
3	 23
4	 11

Ciclista km
-----------
0	 20
1	 11
2	 13
3	 23
4	 11

Ciclista km
-----------
0	 20
1	 12
2	 14
3	 24
4	 12

Ciclista km
-----------
0	 21
1	 12
2	 14
3	 25
4	 12

Ciclista km
-----------
0	 22
1	 13
2	 15
3	 26
4	 13

Ciclista km
-----------
0	 22
1	 13
2	 15
3	 27
4	 13

Ciclista km
-----------
0	 23
1	 13
2	 16
3	 27
4	 13

Ciclista km
-----------
0	 24
1	 14
2	 16
3	 28
4	 14

Ciclista km
-----------
0	 24
1	 14
2	 17
3	 29
4	 14

Ciclista km
-----------
0	 25
1	 15
2	 17
3	 30
4	 15

Ciclista km
-----------
0	 26
1	 15
2	 18
3	 31
4	 15

Ciclista km
-----------
0	 26
1	 15
2	 18
3	 31
4	 15

Ciclista km
-----------
0	 27
1	 16
2	 19
3	 32
4	 16

Ciclista km
-----------
0	 28
1	 16
2	 19
3	 33
4	 16

Ciclista km
-----------
0	 28
1	 17
2	 20
3	 34
4	 17

Ciclista km
-----------
0	 29
1	 17
2	 20
3	 35
4	 17

Ciclista km
-----------
0	 30
1	 17
2	 21
3	 35
4	 17

Ciclista km
-----------
0	 30
1	 18
2	 21
3	 36
4	 18

Ciclista km
-----------
0	 31
1	 18
2	 21
3	 37
4	 18

Ciclista km
-----------
0	 32
1	 19
2	 22
3	 38
4	 19

Ciclista km
-----------
0	 32
1	 19
2	 22
3	 39
4	 19

Ciclista km
-----------
0	 33
1	 19
2	 23
3	 39
4	 19

Ciclista km
-----------
0	 34
1	 20
2	 23
3	 40
4	 20

Ciclista km
-----------
0	 34
1	 20
2	 24
3	 41
4	 20

Ciclista km
-----------
0	 35
1	 21
2	 24
3	 42
4	 21

Ciclista km
-----------
0	 36
1	 21
2	 25
3	 43
4	 21

Ciclista km
-----------
0	 36
1	 22
2	 25
3	 44
4	 22

Ciclista km
-----------
0	 37
1	 22
2	 26
3	 44
4	 22

Ciclista km
-----------
0	 38
1	 22
2	 26
3	 45
4	 22

Ciclista km
-----------
0	 38
1	 23
2	 27
3	 46
4	 23

Ciclista km
-----------
0	 39
1	 23
2	 27
3	 47
4	 23

Ciclista km
-----------
0	 40
1	 24
2	 28
3	 48
4	 24

Ciclista km
-----------
0	 40
1	 24
2	 28
3	 48
4	 24

Ciclista km
-----------
0	 41
1	 24
2	 28
3	 49
4	 24

Ciclista km
-----------
0	 42
1	 25
2	 29
3	 50
4	 25

Ciclista km
-----------
0	 42
1	 25
2	 29
3	 51
4	 25

Ciclista km
-----------
0	 43
1	 26
2	 30
3	 52
4	 26

Ciclista km
-----------
0	 44
1	 26
2	 30
3	 52
4	 26

Ciclista km
-----------
0	 44
1	 26
2	 31
3	 53
4	 26

Ciclista km
-----------
0	 45
1	 27
2	 31
3	 54
4	 27

Ciclista km
-----------
0	 46
1	 27
2	 32
3	 55
4	 27

Ciclista km
-----------
0	 46
1	 28
2	 32
3	 56
4	 28

Ciclista km
-----------
0	 47
1	 28
2	 33
3	 56
4	 28

Ciclista km
-----------
0	 48
1	 28
2	 33
3	 57
4	 28

Ciclista km
-----------
0	 48
1	 29
2	 34
3	 58
4	 29

Ciclista km
-----------
0	 49
1	 29
2	 34
3	 59
4	 29

Ciclista km
-----------
0	 50
1	 30
2	 35
3	 60
4	 30

Ciclista km
-----------
0	 50
1	 30
2	 35
3	 60
4	 30

Ciclista km
-----------
0	 51
1	 30
2	 35
3	 61
4	 30

Ciclista km
-----------
0	 52
1	 31
2	 36
3	 62
4	 31

Ciclista km
-----------
0	 52
1	 31
2	 36
3	 63
4	 31

Ciclista km
-----------
0	 53
1	 32
2	 37
3	 64
4	 32

Ciclista km
-----------
0	 54
1	 32
2	 37
3	 65
4	 32

Ciclista km
-----------
0	 54
1	 32
2	 38
3	 66
4	 32

Ciclista km
-----------
0	 55
1	 33
2	 38
3	 67
4	 33

Ciclista km
-----------
0	 56
1	 33
2	 39
3	 68
4	 33

Ciclista km
-----------
0	 56
1	 34
2	 39
3	 69
4	 34

Ciclista km
-----------
0	 57
1	 34
2	 40
3	 70
4	 34

Ciclista km
-----------
0	 58
1	 34
2	 40
3	 71
4	 34

Ciclista km
-----------
0	 58
1	 35
2	 41
3	 72
4	 35

Ciclista km
-----------
0	 59
1	 35
2	 41
3	 73
4	 35

Ciclista km
-----------
0	 60
1	 36
2	 41
3	 74
4	 36

Ciclista km
-----------
0	 60
1	 36
2	 42
3	 75
4	 36

Ciclista km
-----------
0	 61
1	 36
2	 42
3	 76
4	 36

Ciclista km
-----------
0	 62
1	 37
2	 43
3	 76
4	 37

Ciclista km
-----------
0	 62
1	 37
2	 43
3	 77
4	 37

Ciclista km
-----------
0	 63
1	 38
2	 44
3	 78
4	 38

Ciclista km
-----------
0	 64
1	 38
2	 44
3	 79
4	 38

Ciclista km
-----------
0	 64
1	 38
2	 45
3	 80
4	 38

Ciclista km
-----------
0	 65
1	 39
2	 45
3	 80
4	 39

Ciclista km
-----------
0	 66
1	 39
2	 46
3	 81
4	 39

Ciclista km
-----------
0	 66
1	 40
2	 46
3	 82
4	 40

Ciclista km
-----------
0	 67
1	 40
2	 47
3	 83
4	 40

Ciclista km
-----------
0	 68
1	 40
2	 47
3	 84
4	 40

Ciclista km
-----------
0	 69
1	 41
2	 48
3	 84
4	 41

Ciclista km
-----------
0	 69
1	 41
2	 48
3	 85
4	 41

Ciclista km
-----------
0	 70
1	 42
2	 48
3	 86
4	 42

Ciclista km
-----------
0	 71
1	 42
2	 49
3	 87
4	 42

Ciclista km
-----------
0	 71
1	 42
2	 49
3	 88
4	 42

Ciclista km
-----------
0	 72
1	 43
2	 50
3	 88
4	 43

Ciclista km
-----------
0	 73
1	 43
2	 50
3	 89
4	 43

Ciclista km
-----------
0	 73
1	 44
2	 51
3	 90
4	 44

Ciclista km
-----------
0	 74
1	 44
2	 51
3	 91
4	 44

Ciclista km
-----------
0	 75
1	 44
2	 52
3	 92
4	 44

Ciclista km
-----------
0	 75
1	 45
2	 52
3	 92
4	 45

Ciclista km
-----------
0	 76
1	 45
2	 53
3	 93
4	 45

Ciclista km
-----------
0	 77
1	 46
2	 53
3	 94
4	 46

Ciclista km
-----------
0	 77
1	 46
2	 54
3	 95
4	 46

Ciclista km
-----------
0	 78
1	 46
2	 54
3	 96
4	 46

Ciclista km
-----------
0	 79
1	 47
2	 55
3	 96
4	 47

Ciclista km
-----------
0	 79
1	 47
2	 55
3	 97
4	 47

Ciclista km
-----------
0	 80
1	 48
2	 55
3	 98
4	 48

Ciclista km
-----------
0	 81
1	 48
2	 56
3	 99
4	 48

Ciclista km
-----------
0	 81
1	 48
2	 56
3	 100
4	 48

Ciclista km
-----------
0	 82
1	 49
2	 57
3	 100
4	 49

Ciclista km
-----------
0	 83
1	 49
2	 57
3	 101
4	 49

Ciclista km
-----------
0	 83
1	 50
2	 58
3	 102
4	 50

Ciclista km
-----------
0	 84
1	 50
2	 58
3	 103
4	 50

Ciclista km
-----------
0	 85
1	 50
2	 59
3	 104
4	 50

Ciclista km
-----------
0	 85
1	 51
2	 59
3	 104
4	 51

Ciclista km
-----------
0	 86
1	 51
2	 60
3	 105
4	 51

Ciclista km
-----------
0	 87
1	 52
2	 60
3	 106
4	 52

Ciclista km
-----------
0	 87
1	 52
2	 61
3	 107
4	 52

Ciclista km
-----------
0	 88
1	 52
2	 61
3	 108
4	 52

Ciclista km
-----------
0	 89
1	 53
2	 62
3	 108
4	 53

Ciclista km
-----------
0	 89
1	 53
2	 62
3	 109
4	 53

Ciclista km
-----------
0	 90
1	 54
2	 63
3	 110
4	 54

Ciclista km
-----------
0	 91
1	 54
2	 64
3	 111
4	 54

Ciclista km
-----------
0	 91
1	 54
2	 65
3	 112
4	 54

Ciclista km
-----------
0	 92
1	 55
2	 65
3	 112
4	 55

Ciclista km
-----------
0	 93
1	 55
2	 66
3	 113
4	 55

Ciclista km
-----------
0	 93
1	 56
2	 67
3	 114
4	 56

Ciclista km
-----------
0	 94
1	 56
2	 67
3	 115
4	 56

Ciclista km
-----------
0	 95
1	 56
2	 68
3	 116
4	 56

Ciclista km
-----------
0	 95
1	 57
2	 69
3	 116
4	 57

Ciclista km
-----------
0	 96
1	 57
2	 70
3	 117
4	 57

Ciclista km
-----------
0	 97
1	 58
2	 70
3	 118
4	 58

Ciclista km
-----------
0	 97
1	 58
2	 71
3	 119
4	 58

Ciclista km
-----------
0	 98
1	 58
2	 72
3	 120
4	 58

Ciclista km
-----------
0	 99
1	 59
2	 73
3	 120
4	 59

Ciclista km
-----------
0	 99
1	 59
2	 73
3	 121
4	 59

Ciclista km
-----------
0	 100
1	 60
2	 73
3	 122
4	 60

Ciclista km
-----------
0	 101
1	 60
2	 74
3	 123
4	 60

Ciclista km
-----------
0	 101
1	 60
2	 74
3	 124
4	 60

Ciclista km
-----------
0	 102
1	 61
2	 75
3	 124
4	 61

Ciclista km
-----------
0	 103
1	 61
2	 75
3	 125
4	 61

Ciclista km
-----------
0	 103
1	 62
2	 76
3	 126
4	 62

Ciclista km
-----------
0	 104
1	 62
2	 76
3	 127
4	 62

Ciclista km
-----------
0	 105
1	 63
2	 77
3	 128
4	 62

Ciclista km
-----------
0	 105
1	 63
2	 77
3	 128
4	 63

Ciclista km
-----------
0	 106
1	 64
2	 78
3	 129
4	 63

Ciclista km
-----------
0	 107
1	 64
2	 78
3	 130
4	 64

Ciclista km
-----------
0	 107
1	 65
2	 79
3	 131
4	 64

Ciclista km
-----------
0	 108
1	 66
2	 79
3	 132
4	 64

Ciclista km
-----------
0	 109
1	 66
2	 80
3	 132
4	 65

Ciclista km
-----------
0	 109
1	 67
2	 80
3	 133
4	 65

Ciclista km
-----------
0	 110
1	 67
2	 80
3	 134
4	 66

Ciclista km
-----------
0	 111
1	 68
2	 81
3	 135
4	 66

Ciclista km
-----------
0	 111
1	 69
2	 81
3	 136
4	 66

Ciclista km
-----------
0	 112
1	 69
2	 82
3	 137
4	 67

Ciclista km
-----------
0	 113
1	 70
2	 82
3	 138
4	 67

Ciclista km
-----------
0	 113
1	 70
2	 83
3	 139
4	 68

Ciclista km
-----------
0	 114
1	 71
2	 83
3	 140
4	 68

Ciclista km
-----------
0	 115
1	 71
2	 84
3	 141
4	 68

Ciclista km
-----------
0	 115
1	 72
2	 84
3	 142
4	 69

Ciclista km
-----------
0	 116
1	 73
2	 85
3	 143
4	 69

Ciclista km
-----------
0	 117
1	 73
2	 85
3	 144
4	 70

Ciclista km
-----------
0	 117
1	 73
2	 86
3	 145
4	 70

Ciclista km
-----------
0	 118
1	 74
2	 86
3	 146
4	 70

Ciclista km
-----------
0	 119
1	 74
2	 87
3	 147
4	 71

Ciclista km
-----------
0	 119
1	 75
2	 87
3	 148
4	 71

Ciclista km
-----------
0	 120
1	 75
2	 87
3	 148
4	 71

Ciclista km
-----------
0	 121
1	 75
2	 88
3	 149
4	 72

Ciclista km
-----------
0	 121
1	 76
2	 88
3	 150
4	 72

Ciclista km
-----------
0	 122
1	 76
2	 89
3	 151
4	 73

Ciclista km
-----------
0	 123
1	 77
2	 89
3	 152
4	 73

Ciclista km
-----------
0	 123
1	 77
2	 90
3	 152
4	 73

Ciclista km
-----------
0	 124
1	 77
2	 90
3	 153
4	 74

Ciclista km
-----------
0	 125
1	 78
2	 91
3	 154
4	 74

Ciclista km
-----------
0	 125
1	 78
2	 91
3	 155
4	 75

Ciclista km
-----------
0	 126
1	 79
2	 92
3	 156
4	 75

Ciclista km
-----------
0	 127
1	 79
2	 92
3	 156
4	 75

Ciclista km
-----------
0	 127
1	 79
2	 93
3	 157
4	 76

Ciclista km
-----------
0	 128
1	 80
2	 93
3	 158
4	 76

Ciclista km
-----------
0	 129
1	 80
2	 94
3	 159
4	 77

Ciclista km
-----------
0	 129
1	 81
2	 94
3	 160
4	 77

Ciclista km
-----------
0	 130
1	 81
2	 94
3	 160
4	 77

Ciclista km
-----------
0	 131
1	 81
2	 95
3	 161
4	 78

Ciclista km
-----------
0	 131
1	 82
2	 95
3	 162
4	 78

Ciclista km
-----------
0	 132
1	 82
2	 96
3	 163
4	 79

Ciclista km
-----------
0	 133
1	 83
2	 96
3	 164
4	 79

Ciclista km
-----------
0	 133
1	 83
2	 97
3	 164
4	 79

Ciclista km
-----------
0	 134
1	 83
2	 97
3	 165
4	 80

Ciclista km
-----------
0	 135
1	 84
2	 98
3	 166
4	 80

Ciclista km
-----------
0	 135
1	 84
2	 98
3	 167
4	 81

Ciclista km
-----------
0	 136
1	 85
2	 99
3	 168
4	 81

Ciclista km
-----------
0	 137
1	 85
2	 99
3	 168
4	 81

Ciclista km
-----------
0	 137
1	 85
2	 100
3	 169
4	 82

Ciclista km
-----------
0	 138
1	 86
2	 100
3	 170
4	 82

Ciclista km
-----------
0	 139
1	 86
2	 101
3	 171
4	 83

Ciclista km
-----------
0	 140
1	 87
2	 101
3	 172
4	 83

Ciclista km
-----------
0	 140
1	 87
2	 101
3	 172
4	 83

Ciclista km
-----------
0	 141
1	 87
2	 102
3	 173
4	 84

Ciclista km
-----------
0	 142
1	 88
2	 102
3	 174
4	 84

Ciclista km
-----------
0	 142
1	 88
2	 103
3	 175
4	 85

Ciclista km
-----------
0	 143
1	 89
2	 103
3	 176
4	 85

Ciclista km
-----------
0	 144
1	 89
2	 104
3	 176
4	 85

Ciclista km
-----------
0	 144
1	 89
2	 104
3	 177
4	 86

Ciclista km
-----------
0	 145
1	 90
2	 105
3	 178
4	 86

Ciclista km
-----------
0	 146
1	 90
2	 105
3	 179
4	 87

Ciclista km
-----------
0	 147
1	 91
2	 106
3	 180
4	 87

Ciclista km
-----------
0	 147
1	 91
2	 106
3	 180
4	 87

Ciclista km
-----------
0	 148
1	 91
2	 107
3	 181
4	 88

Ciclista km
-----------
0	 149
1	 92
2	 107
3	 182
4	 88

Ciclista km
-----------
0	 149
1	 92
2	 108
3	 183
4	 89

Ciclista km
-----------
0	 150
1	 93
2	 108
3	 184
4	 89

Ciclista km
-----------
0	 151
1	 93
2	 108
3	 184
4	 89

Ciclista km
-----------
0	 151
1	 93
2	 109
3	 185
4	 90

Ciclista km
-----------
0	 152
1	 94
2	 109
3	 186
4	 90

Ciclista km
-----------
0	 153
1	 94
2	 110
3	 187
4	 91

Ciclista km
-----------
0	 153
1	 95
2	 110
3	 188
4	 91

Ciclista km
-----------
0	 154
1	 95
2	 111
3	 188
4	 91

Ciclista km
-----------
0	 155
1	 95
2	 111
3	 189
4	 92

Ciclista km
-----------
0	 155
1	 96
2	 112
3	 190
4	 92

Ciclista km
-----------
0	 156
1	 96
2	 112
3	 191
4	 93

Ciclista km
-----------
0	 157
1	 97
2	 113
3	 192
4	 93

Ciclista km
-----------
0	 157
1	 97
2	 113
3	 192
4	 93

Ciclista km
-----------
0	 158
1	 97
2	 114
3	 193
4	 94

Ciclista km
-----------
0	 159
1	 98
2	 114
3	 194
4	 94

Ciclista km
-----------
0	 159
1	 98
2	 115
3	 195
4	 95

Ciclista km
-----------
0	 160
1	 99
2	 115
3	 196
4	 95

Ciclista km
-----------
0	 161
1	 99
2	 115
3	 196
4	 95

Ciclista km
-----------
0	 161
1	 99
2	 116
3	 197
4	 96

Ciclista km
-----------
0	 162
1	 100
2	 116
3	 198
4	 96

Ciclista km
-----------
0	 163
1	 100
2	 117
3	 200
4	 97

Ciclista km
-----------
0	 163
1	 101
2	 117
3	 200
4	 97

Ciclista km
-----------
0	 164
1	 101
2	 118
3	 200
4	 97

Ciclista km
-----------
0	 165
1	 101
2	 118
3	 200
4	 98

Ciclista km
-----------
0	 165
1	 102
2	 119
3	 200
4	 98

Ciclista km
-----------
0	 166
1	 102
2	 119
3	 200
4	 99

Ciclista km
-----------
0	 167
1	 103
2	 120
3	 200
4	 99

Ciclista km
-----------
0	 167
1	 103
2	 120
3	 200
4	 99

Ciclista km
-----------
0	 168
1	 103
2	 121
3	 200
4	 100

Ciclista km
-----------
0	 169
1	 104
2	 121
3	 200
4	 100

Ciclista km
-----------
0	 169
1	 104
2	 122
3	 200
4	 101

Ciclista km
-----------
0	 170
1	 105
2	 122
3	 200
4	 101

Ciclista km
-----------
0	 171
1	 105
2	 122
3	 200
4	 101

Ciclista km
-----------
0	 171
1	 105
2	 123
3	 200
4	 102

Ciclista km
-----------
0	 172
1	 106
2	 123
3	 200
4	 102

Ciclista km
-----------
0	 173
1	 106
2	 124
3	 200
4	 103

Ciclista km
-----------
0	 173
1	 107
2	 124
3	 200
4	 103

Ciclista km
-----------
0	 174
1	 107
2	 125
3	 200
4	 103

Ciclista km
-----------
0	 175
1	 107
2	 125
3	 200
4	 104

Ciclista km
-----------
0	 175
1	 108
2	 126
3	 200
4	 104

Ciclista km
-----------
0	 176
1	 108
2	 126
3	 200
4	 105

Ciclista km
-----------
0	 177
1	 109
2	 127
3	 200
4	 105

Ciclista km
-----------
0	 177
1	 109
2	 127
3	 200
4	 105

Ciclista km
-----------
0	 178
1	 109
2	 128
3	 200
4	 106

Ciclista km
-----------
0	 179
1	 110
2	 128
3	 200
4	 106

Ciclista km
-----------
0	 179
1	 110
2	 129
3	 200
4	 107

Ciclista km
-----------
0	 180
1	 111
2	 129
3	 200
4	 107

Ciclista km
-----------
0	 181
1	 111
2	 129
3	 200
4	 107

Ciclista km
-----------
0	 181
1	 111
2	 130
3	 200
4	 108

Ciclista km
-----------
0	 182
1	 112
2	 130
3	 200
4	 108

Ciclista km
-----------
0	 183
1	 112
2	 131
3	 200
4	 109

Ciclista km
-----------
0	 183
1	 113
2	 131
3	 200
4	 109

Ciclista km
-----------
0	 184
1	 113
2	 132
3	 200
4	 109

Ciclista km
-----------
0	 185
1	 113
2	 132
3	 200
4	 110

Ciclista km
-----------
0	 185
1	 114
2	 133
3	 200
4	 110

Ciclista km
-----------
0	 186
1	 114
2	 133
3	 200
4	 111

Ciclista km
-----------
0	 187
1	 115
2	 134
3	 200
4	 111

Ciclista km
-----------
0	 187
1	 115
2	 134
3	 200
4	 111

Ciclista km
-----------
0	 188
1	 115
2	 135
3	 200
4	 112

Ciclista km
-----------
0	 189
1	 116
2	 135
3	 200
4	 112

Ciclista km
-----------
0	 189
1	 116
2	 136
3	 200
4	 113

Ciclista km
-----------
0	 190
1	 117
2	 137
3	 200
4	 113

Ciclista km
-----------
0	 191
1	 117
2	 138
3	 200
4	 113

Ciclista km
-----------
0	 191
1	 117
2	 138
3	 200
4	 114

Ciclista km
-----------
0	 192
1	 118
2	 139
3	 200
4	 114

Ciclista km
-----------
0	 193
1	 118
2	 140
3	 200
4	 115

Ciclista km
-----------
0	 193
1	 119
2	 141
3	 200
4	 115

Ciclista km
-----------
0	 194
1	 119
2	 141
3	 200
4	 115

Ciclista km
-----------
0	 195
1	 119
2	 142
3	 200
4	 116

Ciclista km
-----------
0	 195
1	 120
2	 143
3	 200
4	 116

Ciclista km
-----------
0	 196
1	 120
2	 144
3	 200
4	 117

Ciclista km
-----------
0	 197
1	 121
2	 144
3	 200
4	 117

Ciclista km
-----------
0	 197
1	 121
2	 145
3	 200
4	 117

Ciclista km
-----------
0	 198
1	 121
2	 146
3	 200
4	 118

Ciclista km
-----------
0	 200
1	 122
2	 146
3	 200
4	 118

Ciclista km
-----------
0	 200
1	 122
2	 147
3	 200
4	 119

Ciclista km
-----------
0	 200
1	 123
2	 147
3	 200
4	 119

Ciclista km
-----------
0	 200
1	 123
2	 147
3	 200
4	 119

Ciclista km
-----------
0	 200
1	 123
2	 148
3	 200
4	 120

Ciclista km
-----------
0	 200
1	 124
2	 148
3	 200
4	 120

Ciclista km
-----------
0	 200
1	 124
2	 149
3	 200
4	 121

Ciclista km
-----------
0	 200
1	 125
2	 149
3	 200
4	 121

Ciclista km
-----------
0	 200
1	 125
2	 150
3	 200
4	 121

Ciclista km
-----------
0	 200
1	 125
2	 150
3	 200
4	 122

Ciclista km
-----------
0	 200
1	 126
2	 151
3	 200
4	 122

Ciclista km
-----------
0	 200
1	 126
2	 151
3	 200
4	 123

Ciclista km
-----------
0	 200
1	 127
2	 152
3	 200
4	 123

Ciclista km
-----------
0	 200
1	 127
2	 152
3	 200
4	 123

Ciclista km
-----------
0	 200
1	 127
2	 153
3	 200
4	 124

Ciclista km
-----------
0	 200
1	 128
2	 153
3	 200
4	 124

Ciclista km
-----------
0	 200
1	 128
2	 154
3	 200
4	 125

Ciclista km
-----------
0	 200
1	 129
2	 154
3	 200
4	 125

Ciclista km
-----------
0	 200
1	 129
2	 154
3	 200
4	 125

Ciclista km
-----------
0	 200
1	 129
2	 155
3	 200
4	 126

Ciclista km
-----------
0	 200
1	 130
2	 155
3	 200
4	 126

Ciclista km
-----------
0	 200
1	 130
2	 156
3	 200
4	 127

Ciclista km
-----------
0	 200
1	 131
2	 156
3	 200
4	 127

Ciclista km
-----------
0	 200
1	 131
2	 157
3	 200
4	 127

Ciclista km
-----------
0	 200
1	 131
2	 157
3	 200
4	 128

Ciclista km
-----------
0	 200
1	 132
2	 158
3	 200
4	 128

Ciclista km
-----------
0	 200
1	 132
2	 158
3	 200
4	 129

Ciclista km
-----------
0	 200
1	 133
2	 159
3	 200
4	 129

Ciclista km
-----------
0	 200
1	 133
2	 159
3	 200
4	 129

Ciclista km
-----------
0	 200
1	 133
2	 160
3	 200
4	 130

Ciclista km
-----------
0	 200
1	 134
2	 160
3	 200
4	 130

Ciclista km
-----------
0	 200
1	 134
2	 161
3	 200
4	 131

Ciclista km
-----------
0	 200
1	 135
2	 161
3	 200
4	 131

Ciclista km
-----------
0	 200
1	 135
2	 162
3	 200
4	 131

Ciclista km
-----------
0	 200
1	 136
2	 162
3	 200
4	 132

Ciclista km
-----------
0	 200
1	 136
2	 162
3	 200
4	 132

Ciclista km
-----------
0	 200
1	 137
2	 163
3	 200
4	 133

Ciclista km
-----------
0	 200
1	 137
2	 163
3	 200
4	 133

Ciclista km
-----------
0	 200
1	 138
2	 164
3	 200
4	 133

Ciclista km
-----------
0	 200
1	 139
2	 164
3	 200
4	 134

Ciclista km
-----------
0	 200
1	 139
2	 165
3	 200
4	 134

Ciclista km
-----------
0	 200
1	 140
2	 165
3	 200
4	 135

Ciclista km
-----------
0	 200
1	 140
2	 166
3	 200
4	 135

Ciclista km
-----------
0	 200
1	 141
2	 166
3	 200
4	 135

Ciclista km
-----------
0	 200
1	 142
2	 167
3	 200
4	 136

Ciclista km
-----------
0	 200
1	 142
2	 167
3	 200
4	 136

Ciclista km
-----------
0	 200
1	 143
2	 168
3	 200
4	 137

Ciclista km
-----------
0	 200
1	 143
2	 168
3	 200
4	 137

Ciclista km
-----------
0	 200
1	 144
2	 169
3	 200
4	 137

Ciclista km
-----------
0	 200
1	 144
2	 169
3	 200
4	 138

Ciclista km
-----------
0	 200
1	 145
2	 169
3	 200
4	 138

Ciclista km
-----------
0	 200
1	 146
2	 170
3	 200
4	 139

Ciclista km
-----------
0	 200
1	 146
2	 170
3	 200
4	 139

Ciclista km
-----------
0	 200
1	 146
2	 171
3	 200
4	 139

Ciclista km
-----------
0	 200
1	 147
2	 171
3	 200
4	 140

Ciclista km
-----------
0	 200
1	 147
2	 172
3	 200
4	 140

Ciclista km
-----------
0	 200
1	 148
2	 172
3	 200
4	 141

Ciclista km
-----------
0	 200
1	 148
2	 173
3	 200
4	 141

Ciclista km
-----------
0	 200
1	 148
2	 173
3	 200
4	 141

Ciclista km
-----------
0	 200
1	 149
2	 174
3	 200
4	 142

Ciclista km
-----------
0	 200
1	 149
2	 174
3	 200
4	 142

Ciclista km
-----------
0	 200
1	 150
2	 175
3	 200
4	 143

Ciclista km
-----------
0	 200
1	 150
2	 175
3	 200
4	 143

Ciclista km
-----------
0	 200
1	 150
2	 176
3	 200
4	 143

Ciclista km
-----------
0	 200
1	 151
2	 176
3	 200
4	 144

Ciclista km
-----------
0	 200
1	 151
2	 176
3	 200
4	 144

Ciclista km
-----------
0	 200
1	 152
2	 177
3	 200
4	 145

Ciclista km
-----------
0	 200
1	 152
2	 177
3	 200
4	 145

Ciclista km
-----------
0	 200
1	 152
2	 178
3	 200
4	 145

Ciclista km
-----------
0	 200
1	 153
2	 178
3	 200
4	 146

Ciclista km
-----------
0	 200
1	 153
2	 179
3	 200
4	 146

Ciclista km
-----------
0	 200
1	 154
2	 179
3	 200
4	 147

Ciclista km
-----------
0	 200
1	 154
2	 180
3	 200
4	 147

Ciclista km
-----------
0	 200
1	 154
2	 180
3	 200
4	 147

Ciclista km
-----------
0	 200
1	 155
2	 181
3	 200
4	 148

Ciclista km
-----------
0	 200
1	 155
2	 181
3	 200
4	 148

Ciclista km
-----------
0	 200
1	 156
2	 182
3	 200
4	 149

Ciclista km
-----------
0	 200
1	 156
2	 182
3	 200
4	 149

Ciclista km
-----------
0	 200
1	 156
2	 183
3	 200
4	 149

Ciclista km
-----------
0	 200
1	 157
2	 183
3	 200
4	 150

Ciclista km
-----------
0	 200
1	 157
2	 183
3	 200
4	 150

Ciclista km
-----------
0	 200
1	 158
2	 184
3	 200
4	 151

Ciclista km
-----------
0	 200
1	 158
2	 184
3	 200
4	 151

Ciclista km
-----------
0	 200
1	 158
2	 185
3	 200
4	 151

Ciclista km
-----------
0	 200
1	 159
2	 185
3	 200
4	 152

Ciclista km
-----------
0	 200
1	 159
2	 186
3	 200
4	 152

Ciclista km
-----------
0	 200
1	 160
2	 186
3	 200
4	 153

Ciclista km
-----------
0	 200
1	 160
2	 187
3	 200
4	 153

Ciclista km
-----------
0	 200
1	 160
2	 187
3	 200
4	 153

Ciclista km
-----------
0	 200
1	 161
2	 188
3	 200
4	 154

Ciclista km
-----------
0	 200
1	 161
2	 188
3	 200
4	 154

Ciclista km
-----------
0	 200
1	 162
2	 189
3	 200
4	 155

Ciclista km
-----------
0	 200
1	 162
2	 189
3	 200
4	 155

Ciclista km
-----------
0	 200
1	 162
2	 190
3	 200
4	 155

Ciclista km
-----------
0	 200
1	 163
2	 190
3	 200
4	 156

Ciclista km
-----------
0	 200
1	 163
2	 190
3	 200
4	 156

Ciclista km
-----------
0	 200
1	 164
2	 191
3	 200
4	 157

Ciclista km
-----------
0	 200
1	 164
2	 191
3	 200
4	 157

Ciclista km
-----------
0	 200
1	 164
2	 192
3	 200
4	 157

Ciclista km
-----------
0	 200
1	 165
2	 192
3	 200
4	 158

Ciclista km
-----------
0	 200
1	 165
2	 193
3	 200
4	 158

Ciclista km
-----------
0	 200
1	 166
2	 193
3	 200
4	 159

Ciclista km
-----------
0	 200
1	 166
2	 194
3	 200
4	 159

Ciclista km
-----------
0	 200
1	 166
2	 194
3	 200
4	 159

Ciclista km
-----------
0	 200
1	 167
2	 195
3	 200
4	 160

Ciclista km
-----------
0	 200
1	 167
2	 195
3	 200
4	 160

Ciclista km
-----------
0	 200
1	 168
2	 196
3	 200
4	 161

Ciclista km
-----------
0	 200
1	 168
2	 196
3	 200
4	 161

Ciclista km
-----------
0	 200
1	 168
2	 197
3	 200
4	 161

Ciclista km
-----------
0	 200
1	 169
2	 197
3	 200
4	 162

Ciclista km
-----------
0	 200
1	 169
2	 197
3	 200
4	 162

Ciclista km
-----------
0	 200
1	 170
2	 198
3	 200
4	 163

Ciclista km
-----------
0	 200
1	 170
2	 198
3	 200
4	 163

Ciclista km
-----------
0	 200
1	 170
2	 200
3	 200
4	 163

Ciclista km
-----------
0	 200
1	 171
2	 200
3	 200
4	 164

Ciclista km
-----------
0	 200
1	 171
2	 200
3	 200
4	 164

Ciclista km
-----------
0	 200
1	 172
2	 200
3	 200
4	 165

Ciclista km
-----------
0	 200
1	 172
2	 200
3	 200
4	 165

Ciclista km
-----------
0	 200
1	 172
2	 200
3	 200
4	 165

Ciclista km
-----------
0	 200
1	 173
2	 200
3	 200
4	 166

Ciclista km
-----------
0	 200
1	 173
2	 200
3	 200
4	 166

Ciclista km
-----------
0	 200
1	 174
2	 200
3	 200
4	 167

Ciclista km
-----------
0	 200
1	 174
2	 200
3	 200
4	 167

Ciclista km
-----------
0	 200
1	 174
2	 200
3	 200
4	 167

Ciclista km
-----------
0	 200
1	 175
2	 200
3	 200
4	 168

Ciclista km
-----------
0	 200
1	 175
2	 200
3	 200
4	 168

Ciclista km
-----------
0	 200
1	 176
2	 200
3	 200
4	 169

Ciclista km
-----------
0	 200
1	 176
2	 200
3	 200
4	 169

Ciclista km
-----------
0	 200
1	 176
2	 200
3	 200
4	 169

Ciclista km
-----------
0	 200
1	 177
2	 200
3	 200
4	 170

Ciclista km
-----------
0	 200
1	 177
2	 200
3	 200
4	 170

Ciclista km
-----------
0	 200
1	 178
2	 200
3	 200
4	 171

Ciclista km
-----------
0	 200
1	 178
2	 200
3	 200
4	 171

Ciclista km
-----------
0	 200
1	 178
2	 200
3	 200
4	 171

Ciclista km
-----------
0	 200
1	 179
2	 200
3	 200
4	 172

Ciclista km
-----------
0	 200
1	 179
2	 200
3	 200
4	 172

Ciclista km
-----------
0	 200
1	 180
2	 200
3	 200
4	 173

Ciclista km
-----------
0	 200
1	 180
2	 200
3	 200
4	 173

Ciclista km
-----------
0	 200
1	 180
2	 200
3	 200
4	 173

Ciclista km
-----------
0	 200
1	 181
2	 200
3	 200
4	 174

Ciclista km
-----------
0	 200
1	 181
2	 200
3	 200
4	 174

Ciclista km
-----------
0	 200
1	 182
2	 200
3	 200
4	 175

Ciclista km
-----------
0	 200
1	 182
2	 200
3	 200
4	 175

Ciclista km
-----------
0	 200
1	 182
2	 200
3	 200
4	 175

Ciclista km
-----------
0	 200
1	 183
2	 200
3	 200
4	 176

Ciclista km
-----------
0	 200
1	 183
2	 200
3	 200
4	 176

Ciclista km
-----------
0	 200
1	 184
2	 200
3	 200
4	 177

Ciclista km
-----------
0	 200
1	 184
2	 200
3	 200
4	 177

Ciclista km
-----------
0	 200
1	 184
2	 200
3	 200
4	 177

Ciclista km
-----------
0	 200
1	 185
2	 200
3	 200
4	 178

Ciclista km
-----------
0	 200
1	 185
2	 200
3	 200
4	 178

Ciclista km
-----------
0	 200
1	 186
2	 200
3	 200
4	 179

Ciclista km
-----------
0	 200
1	 186
2	 200
3	 200
4	 179

Ciclista km
-----------
0	 200
1	 186
2	 200
3	 200
4	 179

Ciclista km
-----------
0	 200
1	 187
2	 200
3	 200
4	 180

Ciclista km
-----------
0	 200
1	 187
2	 200
3	 200
4	 180

Ciclista km
-----------
0	 200
1	 188
2	 200
3	 200
4	 181

Ciclista km
-----------
0	 200
1	 188
2	 200
3	 200
4	 181

Ciclista km
-----------
0	 200
1	 188
2	 200
3	 200
4	 181

Ciclista km
-----------
0	 200
1	 189
2	 200
3	 200
4	 182

Ciclista km
-----------
0	 200
1	 189
2	 200
3	 200
4	 182

Ciclista km
-----------
0	 200
1	 190
2	 200
3	 200
4	 183

Ciclista km
-----------
0	 200
1	 190
2	 200
3	 200
4	 183

Ciclista km
-----------
0	 200
1	 190
2	 200
3	 200
4	 183

Ciclista km
-----------
0	 200
1	 191
2	 200
3	 200
4	 184

Ciclista km
-----------
0	 200
1	 191
2	 200
3	 200
4	 184

Ciclista km
-----------
0	 200
1	 192
2	 200
3	 200
4	 185

Ciclista km
-----------
0	 200
1	 192
2	 200
3	 200
4	 185

Ciclista km
-----------
0	 200
1	 192
2	 200
3	 200
4	 185

Ciclista km
-----------
0	 200
1	 193
2	 200
3	 200
4	 186

Ciclista km
-----------
0	 200
1	 193
2	 200
3	 200
4	 186

Ciclista km
-----------
0	 200
1	 194
2	 200
3	 200
4	 187

Ciclista km
-----------
0	 200
1	 194
2	 200
3	 200
4	 187

Ciclista km
-----------
0	 200
1	 194
2	 200
3	 200
4	 187

Ciclista km
-----------
0	 200
1	 195
2	 200
3	 200
4	 188

Ciclista km
-----------
0	 200
1	 195
2	 200
3	 200
4	 188

Ciclista km
-----------
0	 200
1	 196
2	 200
3	 200
4	 189

Ciclista km
-----------
0	 200
1	 196
2	 200
3	 200
4	 189

Ciclista km
-----------
0	 200
1	 196
2	 200
3	 200
4	 189

Ciclista km
-----------
0	 200
1	 197
2	 200
3	 200
4	 190

Ciclista km
-----------
0	 200
1	 197
2	 200
3	 200
4	 190

Ciclista km
-----------
0	 200
1	 198
2	 200
3	 200
4	 191

Ciclista km
-----------
0	 200
1	 198
2	 200
3	 200
4	 191

Ciclista km
-----------
0	 200
1	 198
2	 200
3	 200
4	 191

Ciclista km
-----------
0	 200
1	 200
2	 200
3	 200
4	 192

Ciclista km
-----------
0	 200
1	 200
2	 200
3	 200
4	 192

Ciclista km
-----------
0	 200
1	 200
2	 200
3	 200
4	 193

Ciclista km
-----------
0	 200
1	 200
2	 200
3	 200
4	 193

Ciclista km
-----------
0	 200
1	 200
2	 200
3	 200
4	 193

Ciclista km
-----------
0	 200
1	 200
2	 200
3	 200
4	 194

Ciclista km
-----------
0	 200
1	 200
2	 200
3	 200
4	 194

Ciclista km
-----------
0	 200
1	 200
2	 200
3	 200
4	 195

Ciclista km
-----------
0	 200
1	 200
2	 200
3	 200
4	 195

Ciclista km
-----------
0	 200
1	 200
2	 200
3	 200
4	 195

Ciclista km
-----------
0	 200
1	 200
2	 200
3	 200
4	 196

Ciclista km
-----------
0	 200
1	 200
2	 200
3	 200
4	 196

Ciclista km
-----------
0	 200
1	 200
2	 200
3	 200
4	 197

Ciclista km
-----------
0	 200
1	 200
2	 200
3	 200
4	 197

Ciclista km
-----------
0	 200
1	 200
2	 200
3	 200
4	 197

Ciclista km
-----------
0	 200
1	 200
2	 200
3	 200
4	 198

Ciclista km
-----------
0	 200
1	 200
2	 200
3	 200
4	 198

Checkpoint - Trecho Plano - 50 Km 
1º) 3
2º) 0
3º) 2

Checkpoint - Trecho de Subida - 10 Km 
1º) 3
2º) 0
3º) 2

Checkpoint - Trecho de Descida - 10 Km 
1º) 3
2º) 0
3º) 2

Checkpoint - Trecho Plano - 50 Km 
1º) 3
2º) 0
3º) 2

Checkpoint - Trecho de Subida - 10 Km 
1º) 3
2º) 0
3º) 2

Checkpoint - Trecho de Descida - 10 Km 
1º) 3
2º) 0
3º) 2

Checkpoint - Trecho Plano - 60 Km 
1º) 3
2º) 0
3º) 2

Placar Trechos Planos
1º) 3
2º) 0
3º) 2
4º) 4

Placar Trechos de Subida
1º) 3
2º) 0
3º) 2
4º) 4

Placar Trechos de Descida
1º) 3
2º) 0
3º) 2
4º) 4
